                           Average Temp  Crosses Threshold  Time Taken
Graph      Version TL                                                 
mobilenet  3       80000   76511.610465          17.005814    0.142344
                   999999  80949.852732           0.000000    0.087750
           3.1     80000   80164.020986          51.626443    0.099009
                   999999  82963.310345           0.000000    0.081817
           4       80000   80330.482988          54.439834    0.125066
                   999999  82559.387704           0.000000    0.082858
googlenet  3       80000   75752.544767          21.992434    0.410692
                   999999  82175.672928           0.000000    0.187810
           3.1     80000   81623.808521          68.693155    0.215444
                   999999  79789.502183           0.000000    0.189898
           4       80000   77235.776607          14.646997    0.293035
                   999999  83401.246991           0.000000    0.180567
alexnet    3       80000   68645.510373           0.150886    0.546734
                   999999  79563.797235           0.000000    0.409220
           3.1     80000   80341.807021          53.205802    0.498409
                   999999  81298.693013           0.000000    0.447995
           4       80000   79373.548845          41.263321    0.923064
                   999999  80224.356688           0.000000    0.444841
resnet50   3       80000   71225.110052           0.000000    0.990030
                   999999  80062.274052           0.000000    0.656528
           3.1     80000   79847.876034          40.469385    0.702596
                   999999  80102.996768           0.000000    0.656122
           4       80000   80005.737052          41.434263    1.130750
                   999999  79272.496250           0.000000    0.680518
squeezenet 3       80000   77489.934972          13.798573    0.131105
                   999999  83298.101877           0.000000    0.076916
           3.1     80000   80907.427443          68.213228    0.104161
                   999999  84525.109244           0.000000    0.073853
           4       80000   79619.968504          43.132108    0.118507
                   999999  82854.103542           0.000000    0.076317
